18091
18340
18413
18362
18136
18162
18223
18412
18226
18031
18464
18422
18279
18227
18341
18407
18132
18203
18319
18314
18228
18160
18484
18259
18074
18427
18059
18370
18167
18206
18496
18026
18109
18106
18326
18188
18305
18197
18200
18388
18408
18362
18470
18256
18176
18490
18210
18473
18478
18361
18035
18203
18401
18266
18389
18461
18253
18359
18057
18499
18484
18229
18230
18261
18473
18018
18159
18209
18164
18332
18435
18193
18466
18377
18023
18115
18469
18435
18063
18468
18250
18486
18388
18126
18492
18151
18223
18338
18172
18444
18178
18166
18339
18001
18419
18375
18239
18029
18017
18429
18394
18182
18235
18129
18483
18249
18298
18271
18159
18145
18266
18482
18447
18465
18208
18121
18283
18096
18375
18455
18474
18209
18029
18057
18019
18156
18431
18491
18351
18195
18387
18184
18411
18424
18068
18181
18165
18326
18175
18365
18054
18033
18153
18014
18227
18327
18337
18323
18092
18369
18392
18021
18424
18055
18334
18498
18047
18311
18026
18252
18176
18015
18265
18142
18403
18453
18367
18318
18066
18327
18186
18135
18358
18231
18447
18279
18060
18008
18158
18432
18208
18029
18054
18226
18406
18021
18361
18376
18184
18148
18393
18484
18096
18326
18191
18072
18294
18494
18187
18454
18131
18148
18336
18386
18386
18394
18069
18247
18111
18315
18172
18283
18155
18196
18266
18212
18388
18092
18191
18179
18158
18103
18184
18226
18449
18211
18054
18072
18207
18490
18084
18455
18156
18058
18012
18023
18084
18006
18366
18297
18092
18232
18386
18474
18229
18444
18395
18333
18262
18088
18179
18227
18237
18135
18441
18002
18160
18287
18249
18307
18307
18214
18471
18168
18056
18001
18074
18280
18238
18272
18114
18293
18103
18384
18352
18004
18426
18170
18469
18431
18236
18308
18030
18136
18388
18461
18406
18016
18236
18149
18288
18042
18494
18194
18259
18156
18137
18024
18499
18191
18033
18420
18250
18315
18132
18035
18202
18437
18013
18033
18481
18257
18173
18120
18187
18194
18353
18089
18014
18188
18111
18034
18156
18139
18368
18445
18484
18165
18053
18388
18306
18458
18228
18237
18172
18391
18250
18356
18149
18401
18227
18443
18082
18082
18254
18069
18478
18181
18338
18318
18362
18422
18067
18014
18220
18028
18337
18043
18415
18422
18045
18457
18059
18047
18017
18268
18211
18265
18187
18428
18376
18125
18112
18140
18316
18324
18351
18143
18471
18013
18324
18168
18204
18070
18205
18408
18356
18236
18008
18322
18174
18103
18045
18234
18099
18288
18130
18312
18084
18129
18253
18434
18220
18435
18108
18317
18227
18186
18116
18397
18315
18206
18490
18256
18299
18164
18317
18105
18485
18391
18458
18171
18156
18368
18264
18167
18381
18079
18233
18462
18477
18427
18380
18271
18488
18224
18195
18494
18484
18016
18160
18332
18237
18073
18290
18150
18488
18256
18011
18168
18142
18148
18339
18437
18106
18057
18108
18309
18137
18451
18296
18334
18233
18016
18158
18439
18104
18484
18124
18178
18450
18146
18377
18355
18473
18292
18178
18477
18349
18310
18283
18302
18103
18337
18199
18326
18238
18226
18295
18120
18376
18464
18259
18067
18160
18466
18222
18345
18268
18308
18349
18169
18186
18160
18081
18015
18072
18108
18080
18390
18153
18007
18248
18386
18492
18045
18394
18230
18459
18183
18202
18235
18452
18046
18264
18289
18459
18102
18399
18305
18493
18350
18056
18061
18411
18019
18441
18232
18429
18098
18386
18065
18296
18045
18375
18405
18442
18228
18015
18370
18301
18148
18289
18163
18268
18457
18258
18225
18025
18429
18334
18277
18066
18332
18474
18163
18273
18201
18477
18101
18449
18204
18297
18201
18175
18234
18252
18286
18200
18174
18088
18490
18297
18325
18404
18051
18497
18021
18156
18051
18414
18165
18291
18354
18391
18108
18262
18118
18384
18171
18364
18127
18114
18436
18212
18486
18041
18204
18355
18098
18023
18271
18211
18089
18102
18367
18246
18492
18433
18198
18075
18002
18147
18248
18190
18311
18381
18332
18122
18052
18481
18269
18096
18417
18186
18365
18037
18169
18378
18197
18244
18013
18245
18472
18185
18423
18069
18140
18405
18413
18339
18476
18207
18339
18135
18061
18266
18290
18258
18023
18220
18153
18031
18124
18051
18023
18040
18466
18142
18290
18331
18472
18134
18146
18481
18327
18277
18310
18244
18498
18319
18456
18095
18212
18139
18310
18022
18435
18181
18343
18293
18033
18229
18062
18394
18310
18498
18371
18025
18477
18172
18108
18239
18004
18326
18486
18420
18453
18065
18088
18337
18203
18281
18094
18126
18092
18305
18258
18077
18224
18409
18163
18331
18009
18057
18283
18127
18317
18057
18291
18104
18001
18239
18444
18334
18451
18240
18464
18068
18102
18055
18317
18484
18273
18007
18249
18399
18137
18031
18211
18263
18191
18047
18117
18034
18469
18348
18271
18481
18151
18200
18023
18285
18242
18495
18141
18044
18184
18452
18349
18204
18055
18260
18154
18015
18438
18492
18481
18194
18468
18222
18294
18008
18316
18115
18447
18337
18028
18250
18311
18100
18002
18054
18180
18352
18468
18023
18032
18030
18059
18086
18352
18420
18458
18464
18474
18460
18344
18194
18221
18336
18499
18446
18119
18364
18027
18180
18030
18221
18098
18146
18174
18093
18273
18064
18050
18170
18279
18413
18008
18039
18380
18458
18058
18121
18293
18419
18447
18202
18386
18115
18346
18460
18052
18311
18321
18116
18272
18468
18192
18013
18227
18157
18389
18227
18084
18330
18060
18414
18143
18059
18486
18088
18399
18199
18459
18290
18371
18113
18030
18162
18176
18416
18068
18246
18206
18429
18061
18439
18143
18053
18093
18317
18492
18175
18079
18198
18002
18036
18278
18037
18092
18486
18138
18048
18084
18330
18454
18419
18335
18305
18173
18079
18273
18341
18077
18223
18176
18111
18058
18206
18216
18132
18337
18049
18103
18292
18321
18398
18081
18290
18414
18070
18491
18330
18159
18255
18387
18223
18083
18080
18163
18457
18116
18461
18419
18289
18404
18158
18244
18442
18485
18448
18051
18289
18167
18170
18069
18372
18483
18148
18320
18016
18349
18089
18034
18122
18270
18241
18209
18138
18295
18390
18198
18067
18355
18209
18373
18014
18483
18435
18289
18474
18110
18429
18388
18459
18467
18219
18034
18014
18224
18159
18167
18257
18110
18214
18286
18436
18482
18199
18128
18186
18142
18277
18080
18335
18212
18381
18307
18350
18159
18179
18023
18299
18188
18269
18184
18164
18262
18280
18171
18055
18461
18144
18055
18214
18091
18146
18340
18078
18064
18480
18477
18369
18156
18479
18317
18235
18466
18003
18378
18058
18183
18128
18490
18173
18231
18089
18109
18078
18020
18214
18018
18300
18133
18170
18362
18403
18132
18128
18190
18361
18039
18168
18305
18001
18435
18282
18213
18438
18219
18027
18188
18214
18180
18301
18066
18427
18313
18400
18321
18266
18044
18228
18217
18358
18241
18037
18417
18228
18178
18216
18130
18297
18260
18472
18070
18091
18258
18281
18208
18191
18295
18064
18094
18050
18449
18255
18227
18094
18259
18374
18154
18108
18315
18074
18202
18276
18236
18473
18300
18481
18117
18475
18050
18437
18299
18063
18486
18195
18343
18349
18038
18371
18116
18422
18096
18149
18163
18132
18281
18175
18424
18184
18162
18372
18220
18013
18047
18369
18167
18331
18004
18305
18172
18084
18140
18303
18019
18273
18211
18292
18478
18204
18039
18198
18051
18069
18447
18217
18437
18115
18332
18207
18449
18089
18343
18445
18288
18188
18083
18188
18034
18194
18271
18465
18280
18499
18491
18417
18308
18131
18123
18180
18165
18112
18147
18092
18035
18170
18381
18308
18224
18432
18156
18201
18201
18349
18219
18069
18454
18483
18314
18254
18200
18074
18026
18309
18248
18256
18490
18004
18348
18360
18313
18041
18041
18113
18095
18440
18021
18316
18280
18367
18420
18124
18022
18436
18138
18384
18185
18406
18295
18363
18039
18127
18213
18376
18178
18341
18257
18132
18091
18364
18304
18308
18321
18448
18085
18325
18249
18404
18224
18295
18274
18190
18060
18310
18100
18355
18440
18275
18157
18401
18259
18334
18124
18067
18182
18003
18082
18453
18199
18287
18149
18461
18139
18287
18134
18325
18018
18183
18042
18146
18146
18020
18481
18192
18053
18118
18360
18247
18312
18066
18499
18422
18237
18255
18068
18338
18007
18447
18041
18085
18033
18387
18280
18262
18335
18306
18226
18448
18135
18392
18471
18299
18047
18402
18428
18179
18250
18257
18368
18064
18286
18191
18291
18188
18493
18219
18399
18475
18343
18469
18113
18100
18199
18146
18236
18045
18400
18033
18284
18480
18402
18241
18399
18231
18248
18477
18126
18037
18108
18246
18294
18298
18345
18052
18061
18309
18201
18172
18049
18215
18371
18184
18033
18447
18242
18391
18333
18480
18367
18062
18444
18439
18463
18295
18253
18349
18289
18245
18073
18311
18258
18149
18136
18140
18302
18208
18285
18475
18438
18333
18211
18298
18027
18440
18485
18230
18078
18190
18488
18316
18292
18419
18059
18227
18299
18466
18331
18227
18269
18367
18408
18093
18205
18343
18192
18324
18224
18147
18423
18267
18391
18002
18479
18468
18306
18477
18137
18369
18102
18460
18447
18233
18486
18323
18427
18333
18102
18440
18224
18011
18045
18199
18059
18434
18165
18247
18393
18048
18436
18054
18151
18117
18454
18292
18246
18437
18192
18268
18141
18207
18011
18124
18291
18182
18053
18154
18065
18133
18435
18451
18123
18014
18496
18023
18134
18204
18153
18325
18235
18481
18286
18040
18361
18077
18359
18322
18004
18456
18462
18140
18061
18406
18480
18455
18164
18353
18123
18489
18473
18390
18003
18078
18322
18356
18063
18285
18421
18353
18434
18122
18046
18331
18181
18110
18358
18354
18051
18061
18078
18478
18184
18154
18445
18012
18290
18267
18347
18436
18345
18063
18332
18186
18149
18142
18444
18357
18138
18392
18228
18026
18339
18493
18254
18005
18285
18498
18196
18205
18078
18019
18122
18191
18145
18296
18289
18194
18129
18422
18414
18092
18130
18308
18304
18023
18162
18346
18177
18108
18476
18376
18007
18183
18145
18070
18119
18185
18252
18334
18149
18311
18127
18022
18126
18323
18462
18449
18073
18240
18092
18360
18043
18485
18176
18353
18003
18490
18434
18366
18077
18170
18017
18002
18231
18440
18035
18029
18233
18285
18059
18210
18435
18433
18331
18402
18444
18034
18006
18490
18493
18057
18415
18259
18241
18014
18439
18449
18487
18027
18032
18226
18496
18107
18030
18461
18318
18460
18030
18163
18252
18458
18177
18108
18224
18226
18193
18105
18230
18292
18138
18389
18158
18139
18476
18453
18115
18353
18168
18348
18070
18229
18128
18031
18155
18219
18039
18070
18369
18101
18129
18271
18200
18324
18363
18478
18398
18461
18090
18125
18003
18228
18046
18381
18194
18400
18324
18245
18339
18372
18135
18427
18474
18278
18107
18160
18372
18310
18359
18411
18469
18033
18401
18429
18201
18043
18136
18428
18095
18261
18341
18461
18079
18283
18173
18326
18143
18305
18386
18288
18416
18216
18367
18257
18177
18008
18225
18270
18496
18152
18295
18158
18416
18353
18394
18098
18176
18242
18034
18224
18362
18103
18407
18230
18142
18365
18220
18013
18027
18010
18224
18277
18218
18265
18185
18106
18334
18340
18341
18095
18280
18288
18443
18483
18460
18205
18491
18477
18375
18055
18157
18368
18463
18119
18388
18055
18475
18386
18410
18193
18356
18487
18346
18452
18181
18367
18396
18403
18085
18046
18296
18221
18002
18231
18190
18216
18064
18156
18253
18347
18187
18312
18326
18251
18146
18025
18255
18372
18392
18457
18259
18278
18048
18327
18365
18366
18341
18410
18137
18271
18018
18322
18266
18472
18312
18497
18180
18315
18407
18092
18111
18298
18297
18154
18189
18194
18107
18193
18157
18465
18108
18000
18309
18109
18277
18011
18069
18149
18298
18213
18032
18494
18169
18447
18333
18482
18456
18338
18314
18271
18119
18319
18442
18200
18220
18152
18345
18212
18490
18310
18417
18359
18368
18365
18354
18452
18162
18140
18349
18176
18252
18137
18460
18320
18094
18286
18260
18005
18212
18278
18052
18165
18311
18462
18493
18268
18339
18420
18259
18249
18191
18221
18196
18193
18050
18445
18482
18042
18003
18395
18077
18200
18467
18278
18129
18122
18225
18396
18445
18265
18258
18040
18109
18040
18275
18301
18385
18459
18104
18036
18079
18177
18018
18122
18365
18116
18099
18332
18270
18232
18120
18351
18195
18487
18111
18200
18236
18003
18014
18379
18161
18100
18304
18085
18190
18136
18055
18200
18450
18112
18294
18050
18279
18297
18263
18097
18133
18087
18255
18390
18122
18076
18477
18467
18316
18112
18344
18238
18001
18228
18093
18263
18355
18360
18193
18181
18094
18085
18339
18178
18355
18307
18288
18316
18362
18068
18166
18046
18151
18146
18431
18450
18429
18357
18326
18286
18235
18195
18463
18430
18167
18487
18347
18126
18348
18008
18065
18028
18110
18484
18103
18072
18213
18205
18032
18122
18314
18414
18220
18292
18213
18377
18029
18385
18339
18216
18063
18473
18346
18169
18130
18118
18271
18134
18070
18234
18403
18249
18428
18062
18014
18088
18235
18142
18239
18045
18105
18262
18452
18420
18095
18245
18480
18409
18358
18231
18330
18255
18068
18080
18221
18045
18271
18311
18068
18021
18311
18440
18121
18366
18354
18026
18141
18082
18107
18232
18094
18307
18347
18298
18043
18097
18144
18431
18062
18413
18059
18100
18363
18009
18437
18011
18073
18379
18444
18325
18179
18318
18031
18180
18313
18455
18247
18330
18387
18113
18271
18038
18309
18355
18002
18496
18451
18153
18240
18035
18171
18409
18299
18036
18161
18203
18251
18058
18290
18236
18043
18444
18408
18235
18209
18082
18396
18192
18379
18188
18333
18453
18032
18412
18325
18026
18379
18158
18494
18225
18166
18288
18194
18426
18417
18354
18002
18459
18232
18328
18095
18295
18291
18419
18154
18104
18236
18322
18462
18226
18318
18249
18155
18338
18140
18289
18221
18039
18080
18289
18082
18340
18457
18348
18428
18070
18247
18108
18190
18360
18393
18354
18157
18012
18475
18043
18270
18183
18258
18463
18206
18356
18000
18201
18284
18201
18029
18262
18486
18355
18114
18164
18347
18258
18099
18221
18005
18264
18024
18084
18250
18150
18391
18021
18283
18156
18021
18308
18167
18430
18330
18227
18037
18354
18158
18467
18409
18365
18381
18007
18248
18280
18285
18029
18214
18132
18255
18000
18036
18201
18316
18307
18302
18002
18400
18294
18458
18037
18380
18210
18318
18228
18259
18380
18234
18377
18426
18172
18242
18350
18330
18320
18042
18168
18498
18362
18398
18077
18109
18469
18005
18159
18486
18305
18453
18051
18010
18068
18233
18282
18372
18249
18414
18390
18303
18115
18182
18052
18202
18481
18053
18337
18186
18116
18045
18147
18219
18184
18337
18333
18488
18192
18233
18189
18000
18109
18068
18057
18292
18050
18409
18324
18149
18161
18172
18387
18165
18207
18476
18123
18248
18292
18105
18005
18051
18433
18072
18191
18018
18215
18060
18140
18474
18157
18288
18460
18457
18221
18070
18012
18033
18335
18122
18145
18463
18185
18367
18423
18301
18322
18085
18379
18198
18241
18412
18354
18132
18193
18348
18054
18293
18411
18053
18131
18094
18203
18073
18111
18450
18411
18372
18301
18471
18140
18415
18268
18362
18262
18264
18326
18079
18242
18385
18383
18478
18166
18087
18420
18193
18137
18272
18068
18314
18268
18128
18097
18129
18292
18401
18398
18009
18384
18177
18004
18325
18301
18241
18066
18030
18140
18419
18121
18083
18336
18391
18047
18082
18209
18193
18096
18373
18429
18349
18071
18376
18213
18353
18295
18233
18234
18491
18353
18427
18420
18482
18127
18227
18006
18191
18417
18447
18231
18411
18295
18418
18128
18491
18024
18405
18484
18087
18469
18370
18085
18259
18021
18178
18215
18051
18408
18351
18229
18204
18321
18096
18462
18039
18108
18329
18062
18266
18283
18426
18023
18113
18193
18062
18494
18019
18349
18139
18069
18416
18360
18487
18436
18053
18381
18182
18210
18338
18280
18339
18331
18308
18457
18277
18264
18087
18078
18463
18167
18105
18400
18413
18167
18348
18425
18248
18162
18444
18298
18307
18085
18353
18176
18084
18007
18228
18428
18483
18138
18087
18183
18306
18479
18478
18461
18292
18008
18195
18062
18409
18367
18257
18118
18153
18124
18305
18461
18460
18247
18113
18264
18267
18083
18057
18093
18166
18138
18115
18017
18009
18175
18230
18354
18306
18464
18494
18346
18030
18187
18186
18046
18431
18063
18410
18263
18491
18054
18391
18001
18059
18486
18044
18109
18242
18157
18249
18411
18219
18057
18259
18048
18252
18232
18186
18420
18308
18163
18082
18435
18248
18457
18409
18448
18009
18311
18159
18275
18066
18353
18039
18136
18423
18199
18397
18084
18252
18401
18405
18127
18180
18112
18039
18197
18072
18226
18168
18473
18069
18144
18335
18328
18301
18050
18467
18344
18072
18482
18472
18136
18189
18457
18472
18153
18150
18362
18205
18442
18454
18076
18024
18396
18237
18003
18048
18221
18393
18309
18143
18230
18024
18291
18028
18438
18072
18361
18489
18005
18226
18374
18495
18108
18166
18269
18172
18039
18247
18303
18444
18289
18030
18018
18399
18374
18491
18317
18249
18187
18472
18369
18104
18406
18020
18107
18034
18024
18351
18328
18431
18363
18368
18365
18009
18299
18436
18395
18176
18167
18205
18469
18461
18200
18265
18263
18077
18306
18292
18227
18479
18208
18163
18066
18102
18341
18463
18218
18444
18354
18185
18389
18432
18046
18039
18188
18209
18323
18038
18245
18014
18379
18270
18429
18013
18171
18079
18118
18363
18399
18406
18061
18250
18438
18387
18491
18178
18340
18132
18366
18180
18277
18294
18417
18228
18379
18493
18463
18425
18146
18310
18432
18238
18175
18329
18336
18227
18403
18189
18325
18120
18093
18115
18499
18213
18115
18201
18046
18396
18365
18326
18184
18110
18415
18157
18092
18312
18077
18008
18198
18129
18275
18455
18339
18423
18481
18022
18263
18176
18443
18373
18198
18469
18417
18117
18072
18429
18251
18187
18097
18343
18311
18259
18388
18207
18207
18392
18293
18432
18320
18235
18484
18434
18227
18473
18052
18438
18191
18205
18105
18303
18151
18281
18218
18054
18166
18323
18202
18365
18204
18031
18481
18167
18031
18126
18081
18387
18434
18178
18406
18359
18180
18113
18034
18396
18133
18232
18461
18407
18052
18146
18141
18425
18164
18391
18405
18042
18492
18396
18159
18094
18076
18283
18306
18238
18275
18375
18489
18169
18390
18296
18049
18158
18194
18228
18449
18406
18169
18468
18123
18013
18349
18401
18306
18069
18465
18285
18014
18126
18012
18414
18104
18131
18315
18061
18415
18213
18218
18062
18150
18286
18178
18320
18115
18149
18058
18183
18178
18068
18019
18409
18134
18392
18184
18402
18317
18369
18046
18337
18271
18021
18269
18204
18281
18365
18447
18043
18122
18315
18001
18068
18065
18038
18214
18231
18464
18443
18430
18262
18296
18360
18252
18456
18094
18277
18431
18369
18082
18094
18248
18293
18170
18468
18003
18274
18322
18092
18474
18047
18277
18482
18154
18415
18014
18435
18227
18269
18423
18176
18328
18465